50 300
1 16
3 25 49
3 6 35
1 49
1 5
3 29 33
1 33
3 27 28
3 5 32
1 12
3 41 47
1 47
3 20 37
1 34
1 13
1 8
1 41
3 33 47
1 21
1 48
3 22 29
1 19
3 19 26
3 3 25
1 37
1 40
1 5
1 0
1 46
1 47
1 5
3 13 19
3 28 38
1 9
3 35 41
1 17
1 49
3 7 11
1 18
3 29 31
3 6 42
3 4 46
1 20
1 35
1 38
1 37
3 39 44
1 35
3 30 43
1 17
1 29
1 1
3 11 43
3 19 20
3 17 40
3 4 10
3 10 33
1 48
3 6 47
1 35
1 27
3 36 40
3 6 8
3 42 48
3 40 46
3 22 44
1 18
1 36
1 45
3 18 34
3 1 48
3 16 41
1 1
3 11 45
3 8 37
3 12 33
3 31 46
3 29 35
1 42
3 18 20
1 1
1 47
1 12
1 1
1 40
3 10 21
1 42
1 29
1 38
3 9 14
3 41 46
1 33
1 43
3 8 38
1 33
1 34
1 46
3 5 41
3 0 17
3 35 40
1 37
3 23 35
1 30
3 15 24
1 3
1 42
1 3
1 32
3 9 44
3 7 28
3 16 45
3 39 48
3 18 28
3 8 32
3 40 43
3 25 41
3 11 28
1 42
1 29
1 22
3 3 43
1 40
3 12 29
1 28
1 18
1 32
3 33 35
1 30
3 10 38
1 36
3 19 43
3 33 45
3 5 45
3 0 7
1 38
3 14 47
3 26 32
3 10 49
1 9
3 12 49
3 11 32
1 20
1 42
1 15
1 35
1 30
3 35 36
3 10 22
3 14 31
1 29
1 43
3 10 26
2 20
3 7 36
3 45 48
3 2 29
1 47
2 5
2 30
2 17
3 36 42
3 12 38
2 42
1 36
1 0
1 27
2 48
1 39
1 22
3 5 11
2 30
3 19 26
1 47
2 39
1 45
3 13 47
2 21
2 37
1 39
2 12
3 11 27
1 40
3 9 10
3 4 7
2 38
3 17 38
3 6 21
3 10 30
1 48
3 19 41
3 17 33
3 31 42
2 19
3 38 40
2 47
1 48
1 38
3 18 49
1 37
2 18
3 20 22
2 32
1 4
2 41
3 31 37
1 31
2 1
1 49
2 20
1 4
3 17 21
1 32
3 25 42
1 9
3 6 39
2 48
2 9
2 28
2 5
1 46
1 6
3 0 9
3 24 40
2 40
3 37 41
1 23
2 37
3 22 30
2 49
2 36
2 1
2 29
1 2
1 27
2 3
3 9 45
2 2
2 15
1 15
1 36
1 18
1 16
1 19
2 1
3 35 40
2 38
3 24 25
3 5 26
1 42
2 45
1 21
3 28 49
3 2 24
2 5
2 40
3 7 48
1 44
3 9 20
2 31
1 39
2 38
1 19
3 7 38
1 25
3 26 47
1 20
2 15
3 3 24
2 16
1 25
1 46
3 3 21
2 1
3 32 45
3 23 39
2 34
1 34
2 34
3 8 38
2 3
3 30 37
3 0 44
2 36
3 15 47
2 49
1 48
3 16 44
2 44
1 7
2 40
3 11 32
1 42
3 23 45
2 20
2 40
1 7
1 6
2 16
3 2 41
1 29